1 a a e e g n 
2 e l r t t y 
3 a o o t t w 
4 a b b j o o 
5 e h r t v w 
6 c i m o t u 
7 d i s t t y 
8 e i o s s t 
9 d e l r v y 
10 a c h o p s 
11 h i m n a u 
12 e e i n s u 
13 e e g h n a 
14 a f f k p s 
15 h l n n r z 
16 d e i l r x 
5 1 11 3 14 0 8 5 4 2 2 0 9 2 1 1 7 4 13 5 3 3 6 1 15 0 12 4 16 4 10 3 342 hnatbelatatihsro
12 5 16 2 9 2 14 4 5 4 13 1 8 4 1 1 2 0 3 0 11 5 6 1 10 4 15 4 4 1 7 0 314 uilpvesaeauiprbd
4 1 11 4 7 4 10 3 5 4 13 0 12 4 1 1 3 1 16 1 9 2 14 2 6 4 2 2 15 4 8 5 305 batovesaoelftrrt
9 0 6 2 4 5 7 4 14 2 16 0 12 3 5 0 15 4 11 4 8 1 1 1 13 0 2 1 10 5 3 4 345 dmotfdneraiaelst
13 0 9 3 11 3 10 5 4 0 7 3 1 0 3 3 8 4 16 1 6 3 5 2 2 5 12 3 15 3 14 5 346 ernsatatseorynns
10 1 14 3 2 0 9 2 4 5 7 3 1 0 6 0 5 0 16 4 15 3 11 0 13 4 12 1 3 0 8 4 328 ckelotacernhneas
10 4 6 3 15 1 4 5 14 1 2 2 3 4 13 4 8 4 11 1 1 0 5 2 7 4 12 4 16 1 9 2 323 polofrtnsiartsel
13 2 5 0 7 3 12 1 2 5 14 5 15 4 10 5 1 0 3 1 16 2 9 2 4 2 6 2 11 5 8 5 314 geteysrsaoilbmut
11 4 2 1 4 5 13 4 7 2 3 3 5 0 10 2 9 1 16 3 1 0 8 4 6 2 14 4 15 2 12 3 365 alonstehelasmpnn
3 3 8 0 14 0 13 2 10 5 4 0 2 1 1 3 6 0 9 3 16 3 15 4 12 4 7 1 5 3 11 3 300 teagsalecrlrsitn
10 3 13 2 6 2 8 4 3 3 16 1 11 3 5 3 2 4 1 0 12 2 7 2 9 3 14 1 15 1 4 4 320 ogmstenttaisrflo
13 5 15 4 9 3 2 1 11 1 16 1 1 0 14 4 10 4 12 4 5 3 8 0 4 0 6 3 7 3 3 1 375 arrlieappsteaoto
4 5 5 0 14 5 13 2 15 4 1 3 16 4 6 1 12 5 2 1 3 3 11 4 8 2 7 2 10 5 9 2 341 oesgreriultaossl
11 2 9 1 14 5 7 3 15 0 1 1 3 5 13 4 4 4 8 2 2 3 12 1 6 1 10 5 16 3 5 2 301 mesthawnooteislr
11 3 9 2 15 2 4 3 10 1 1 0 13 0 3 2 2 2 14 5 16 0 7 4 5 0 6 2 12 1 8 1 305 nlnjcaeorsdtemei
9 2 15 4 1 4 11 0 16 2 14 0 13 0 2 2 5 2 8 3 4 5 12 0 6 4 7 2 3 4 10 1 326 lrghiaerrsoetstc
2 3 10 4 4 4 9 2 8 4 15 4 13 0 6 4 7 2 12 3 1 3 5 0 11 0 16 0 14 0 3 5 313 tpolsretsneehdaw
12 1 5 2 15 2 16 2 6 1 3 3 13 5 2 1 9 0 10 4 7 5 14 4 11 4 1 2 8 4 4 1 321 erniitaldpypaesb
6 3 3 3 4 5 9 5 16 3 2 2 15 4 10 4 13 2 12 4 14 0 1 3 8 3 11 3 5 0 7 0 318 otoylrrpgsaesned
16 0 1 0 5 2 10 5 8 4 9 1 13 4 7 4 12 2 4 2 3 0 6 1 15 0 14 1 2 2 11 5 340 darssentibaihfru
6 3 9 4 15 1 7 0 16 4 11 2 1 3 2 2 8 1 4 4 10 0 14 5 13 3 12 1 3 4 5 3 303 ovldrmerioashett
8 2 14 0 6 2 12 1 15 4 16 3 10 5 9 0 3 1 5 3 13 1 1 2 7 0 4 2 11 3 2 2 351 oamerlsdoteedbnr
10 5 8 1 12 3 4 4 16 0 9 1 14 5 13 3 15 1 1 1 2 5 3 5 6 1 5 2 7 3 11 2 303 sinodeshlaywirtm
12 1 14 5 7 3 6 0 5 2 3 2 4 0 10 1 16 1 11 5 1 3 15 4 13 1 8 3 2 3 9 1 314 estcroaceuereste
1 3 11 3 3 5 14 5 5 5 2 3 4 0 10 4 12 4 16 1 6 1 13 0 7 1 15 2 8 5 9 0 361 enwswtapseieintd
3 2 5 1 14 0 9 0 8 4 4 5 13 4 2 4 6 4 7 4 1 3 10 5 12 2 11 4 16 1 15 4 318 ohadsontttesiaer
1 2 12 4 7 2 10 0 14 0 2 3 13 1 9 1 3 4 5 2 11 5 15 3 16 1 8 3 4 4 6 3 409 essaateetrunesoo
9 1 7 5 6 2 11 3 15 2 16 2 1 1 10 5 5 2 14 0 2 1 13 5 8 4 12 0 4 1 3 3 416 eymnniasralasebt
7 2 14 4 2 2 1 2 16 3 11 4 4 4 10 4 13 2 5 0 3 3 12 3 9 4 15 4 6 3 8 1 319 sprelaopgetnvroi
13 1 12 3 3 3 9 3 2 2 4 5 5 0 6 1 11 0 7 3 15 1 14 0 8 0 16 2 10 5 1 0 317 entrroeihtlaeisa
7 0 15 1 5 2 2 1 8 4 1 1 12 0 11 3 16 1 14 3 3 4 6 2 4 1 9 1 13 4 10 5 303 dlrlsaenektmbens
4 1 7 2 15 3 14 4 9 3 1 3 8 5 3 1 16 1 11 1 13 4 12 1 2 5 5 2 6 2 10 0 321 bsnpretoeineyrma
2 1 16 1 6 3 14 1 3 1 15 4 4 0 1 5 11 4 9 2 12 5 13 2 10 1 8 3 5 0 7 4 301 leoforanalugcset
14 5 10 0 7 2 11 1 4 2 6 4 9 1 3 1 13 5 8 0 16 4 15 3 1 5 5 4 12 4 2 4 354 sasibteoaernnvst
7 2 12 3 13 5 16 0 14 0 10 5 2 0 11 2 1 2 3 3 15 2 4 4 6 3 9 2 5 3 8 3 320 snadasemetnoolts
6 3 3 2 10 5 14 3 13 4 15 4 16 0 7 1 5 1 12 0 11 4 9 3 8 3 1 4 4 4 2 5 313 oosknrdihearsgoy
15 0 8 3 12 1 10 4 2 3 11 2 14 0 5 2 3 2 9 3 13 0 6 0 16 5 1 3 4 2 7 0 373 hseptmarorecxebd
4 3 7 0 16 2 6 0 10 1 11 1 8 0 2 3 3 3 14 5 15 4 12 2 5 1 13 5 9 2 1 2 322 jdicciettsrihale
1 1 2 0 12 1 8 4 7 5 5 3 16 4 13 1 14 5 4 4 3 1 6 2 10 4 15 0 11 1 9 2 325 aeesytresoomphil
6 5 2 2 4 0 11 5 13 4 16 1 1 1 15 0 7 2 5 2 3 4 12 0 10 3 14 5 8 2 9 0 311 urauneahsrteosod
6 4 8 4 5 2 2 1 14 1 10 0 11 2 1 3 7 0 15 3 13 1 4 1 12 0 9 3 3 4 16 3 343 tsrlfamednebertl
10 1 12 5 5 0 14 5 1 3 7 1 15 4 3 4 4 0 9 0 8 1 13 5 16 5 6 2 11 3 2 5 311 cueseirtadiaxmny
13 5 2 2 1 2 10 5 9 2 8 5 16 3 5 3 6 0 14 0 15 4 11 4 12 4 3 2 4 1 7 4 327 aresltltcarasobt
12 0 2 0 8 5 10 5 13 1 16 0 1 0 11 2 14 4 4 4 6 3 9 3 5 5 15 0 7 2 3 3 335 eetsedampoorwhst
5 0 3 3 8 3 11 0 6 0 14 5 7 4 1 1 13 1 2 0 9 3 10 3 4 1 15 5 12 3 16 2 322 etshcstaeerobzni
5 5 3 0 11 3 10 2 7 4 14 0 9 1 6 4 8 0 12 3 2 2 15 1 16 0 1 4 13 5 4 1 319 wanhtaetenrldgab
15 1 8 3 2 0 4 4 6 4 10 0 7 0 16 0 13 1 12 1 14 1 11 1 5 2 1 5 9 2 3 0 351 lseotaddeefirnla
10 4 8 4 15 5 13 2 11 4 12 2 7 4 4 1 9 5 5 0 2 2 1 0 14 3 3 0 16 0 6 3 331 pszgaitbyerakado
6 3 2 1 7 0 1 5 4 2 12 2 10 0 13 1 15 4 14 0 9 3 3 3 8 3 11 3 5 0 16 5 340 oldnbiaerartsnex
9 3 11 1 5 5 2 0 10 5 12 0 14 4 7 2 8 5 4 5 1 1 3 0 13 2 6 5 15 3 16 4 333 riwesepstoaagunr
4 2 16 4 14 5 11 3 9 0 1 2 13 5 8 4 10 0 7 5 5 3 2 0 3 4 6 3 15 2 12 2 360 brsndeasaytetoni
3 3 6 2 5 0 11 4 8 3 13 5 10 3 9 2 14 4 2 0 15 4 12 1 4 2 7 4 16 3 1 0 302 tmeasaolperebtla
16 0 6 2 1 2 2 3 10 2 11 4 4 0 7 2 3 1 5 4 9 3 15 1 13 2 14 1 12 0 8 4 339 dmethaasovrlgfes
1 2 12 1 13 3 4 2 15 2 5 0 7 1 14 0 3 5 9 3 8 3 16 3 11 4 10 1 6 3 2 0 306 eehbneiawrslacoe
9 4 16 5 13 0 12 4 1 3 15 4 3 4 4 1 11 0 5 0 14 0 6 1 8 3 2 3 10 5 7 3 357 vxesertbheaistst
6 4 14 2 12 0 1 0 7 4 8 4 16 3 5 2 13 0 10 0 15 2 4 4 9 5 11 1 3 3 2 2 321 tfeatslreanoyitr
1 5 8 3 15 4 7 5 3 5 9 1 13 2 4 1 10 3 2 2 12 0 11 4 14 5 5 3 6 1 16 3 388 nsrywegboreastil
8 4 6 4 5 2 7 5 3 1 10 0 1 2 16 1 14 3 12 3 15 4 2 3 9 0 13 0 4 5 11 0 376 stryoaeeknrtdeoh
6 5 10 2 8 4 16 2 4 1 7 1 1 5 3 4 15 4 12 5 5 3 2 0 9 2 14 5 13 5 11 2 314 uhsibintrutelsam
11 2 4 4 5 2 6 2 14 5 16 0 13 2 1 0 3 0 9 2 8 0 15 0 12 5 2 2 10 0 7 3 314 mormsdgaalehurat
7 1 8 4 9 1 16 0 10 3 15 2 14 0 2 2 12 5 13 1 5 3 3 1 6 2 1 5 11 1 4 0 328 isedonaruetomnia
3 0 4 1 14 0 13 1 1 3 10 5 2 2 5 3 15 3 7 0 8 1 12 1 6 2 11 4 16 4 9 1 334 abaeesrtndiemare
16 3 5 2 10 2 15 2 11 4 12 0 4 0 9 4 8 4 3 3 1 3 6 2 2 5 7 1 14 2 13 1 305 lrhnaeavstemyife
1 0 3 4 7 4 15 2 11 3 8 5 6 5 9 3 10 3 14 5 12 1 13 4 16 2 5 2 4 0 2 0 300 attnnturosenirae
14 3 5 1 13 1 1 4 4 0 9 3 11 4 12 3 15 2 8 4 6 5 3 4 7 2 16 4 2 0 10 3 331 khegarannsutsreo
12 3 2 1 16 0 15 4 11 5 4 5 3 0 1 2 13 4 9 3 5 3 8 3 14 4 6 0 10 2 7 3 366 nldruoaenrtspcht
14 2 1 2 7 2 4 5 12 2 8 4 3 2 16 3 6 4 15 2 5 0 9 1 13 5 11 5 10 5 2 4 304 fesoisoltneeaust
11 3 15 4 12 0 10 4 2 0 5 3 1 1 13 0 9 3 7 1 8 4 3 4 4 4 6 4 16 1 14 5 428 nrepetaeristotes
4 2 2 1 13 0 15 0 6 4 3 0 11 2 8 3 16 0 5 0 10 5 14 5 1 2 12 0 7 4 9 2 310 blehtamsdesseetl
15 2 7 1 4 1 1 1 9 3 8 4 6 2 11 2 14 3 10 0 12 0 5 0 13 5 3 3 2 4 16 4 301 nibarsmmkaeeattr
8 3 4 4 12 3 7 2 2 4 1 0 3 0 13 1 14 3 5 0 6 2 9 4 10 5 16 2 15 1 11 2 327 sonstaaekemvsilm
7 2 3 3 2 0 16 0 1 2 6 3 11 1 9 2 12 2 5 3 13 1 4 0 10 5 8 4 15 3 14 4 301 stedeoiliteassnp
4 0 2 3 11 0 14 0 7 1 10 3 3 0 6 0 15 4 9 3 5 3 12 4 8 0 1 3 16 0 13 1 351 athaioacrrtseede
12 5 7 4 16 2 11 0 15 1 8 0 14 5 5 2 10 4 1 1 2 2 4 3 9 0 3 4 13 2 6 4 321 utihlesrparjdtgt
15 1 1 0 10 2 3 3 4 0 16 1 8 3 11 5 7 3 5 4 13 1 14 4 12 1 6 1 2 2 9 5 309 lahtaesutvepeiry
5 1 8 3 15 4 3 5 2 4 13 0 12 0 10 4 14 0 1 2 16 3 4 4 11 5 9 2 7 0 6 3 359 hsrwteepaelouldo
6 1 11 0 12 2 9 2 8 3 2 3 5 2 15 3 13 1 14 0 10 5 1 2 4 4 3 3 7 3 16 5 362 ihilstrneaseottx
9 2 1 2 3 5 15 1 2 2 4 4 13 3 16 4 8 0 5 3 6 3 11 3 14 4 10 5 12 1 7 0 330 lewlrohretonpsed
12 1 10 3 8 5 7 2 16 5 13 3 5 2 11 5 2 0 4 0 6 1 1 3 14 4 3 3 9 2 15 3 343 eotsxhrueaieptln
7 2 11 4 10 4 13 1 6 1 5 0 8 5 4 5 12 3 15 4 3 4 2 4 1 0 16 2 9 2 14 5 327 sapeietonrttails
14 1 7 1 12 0 16 4 10 4 1 5 8 3 11 2 4 0 2 0 3 0 5 3 6 4 15 1 9 1 13 5 402 fierpnsmaeattlea
11 5 16 1 7 3 12 1 14 5 9 3 5 4 2 0 13 4 4 5 15 4 8 4 6 2 1 3 3 4 10 3 300 uetesrvenorsmeto
14 2 7 5 5 2 15 3 11 4 13 5 1 2 10 3 6 1 8 4 2 1 9 4 12 0 3 4 16 2 4 2 331 fyrnaaeoislvetib
9 2 8 4 13 2 15 1 7 3 11 4 16 4 1 3 4 5 2 0 10 5 5 3 3 1 6 3 14 2 12 0 350 lsgltareoestoofe
6 3 7 3 1 0 9 0 5 2 3 0 15 2 8 4 10 5 12 1 14 3 11 5 13 0 16 1 2 2 4 2 320 otadranssekueerb
16 2 1 3 11 3 9 0 12 4 3 5 2 2 5 0 14 5 13 3 4 0 6 2 10 2 7 4 15 4 8 3 336 iendswreshamhtrs
11 3 8 2 9 2 15 1 12 2 1 4 5 0 6 1 13 5 16 3 2 2 14 5 3 3 4 5 7 2 10 0 336 nolligeialrstosa
11 0 6 0 8 2 10 0 3 4 1 0 9 3 2 5 12 4 13 1 7 4 14 1 15 3 16 4 4 1 5 0 336 hcoatarysetfnrbe
6 4 8 5 12 1 7 0 16 1 5 5 3 0 14 2 11 5 15 4 4 4 13 4 9 2 1 2 10 5 2 3 326 ttedewafuronlest
7 0 9 3 5 1 8 0 10 5 2 1 13 1 3 5 4 5 12 3 14 0 11 2 1 4 6 3 16 2 15 1 320 drheslewonamgoil
8 3 7 0 1 3 6 4 12 2 13 0 5 2 11 0 2 4 10 1 16 2 9 3 3 0 4 2 14 0 15 3 321 sdetierhtciraban
5 4 3 0 8 5 14 2 1 1 2 2 12 0 9 1 11 2 6 1 7 4 15 2 16 0 10 5 13 2 4 0 305 vatfareemitndsga
12 5 8 4 15 4 9 0 6 5 5 3 13 0 3 0 7 2 16 4 11 2 2 3 1 1 4 1 14 0 10 1 322 usrduteasrmtabac
11 2 1 5 12 5 13 5 10 2 6 3 14 5 4 1 5 3 9 2 16 4 15 2 7 2 8 0 2 0 3 0 329 mnuahosbtlrnseea
8 4 16 2 9 3 12 0 7 3 4 4 3 0 2 3 11 5 1 1 6 2 10 4 15 0 13 1 5 0 14 5 320 siretoatuamphees
3 1 6 0 4 0 8 2 12 5 11 3 15 4 7 0 10 1 2 3 1 2 13 1 16 4 14 5 9 2 5 0 322 ocaounrdcteersle
12 2 9 1 4 5 2 3 3 3 8 3 15 4 16 2 7 3 13 5 1 3 11 5 14 2 10 1 6 3 5 4 341 ieottsritaeufcov
12 1 7 0 14 0 16 0 2 2 4 2 6 3 13 1 3 4 10 0 15 4 8 4 5 5 11 2 1 4 9 1 302 edadrboetarswmge
8 3 12 4 4 5 15 4 7 3 16 1 9 3 14 3 13 0 2 1 11 4 3 3 1 4 6 3 5 5 10 2 314 ssorterkelatgowh
6 0 10 2 13 0 4 4 14 0 16 4 11 4 15 4 9 2 8 3 7 3 1 5 2 3 3 2 5 1 12 1 308 cheoararlstntohe
